.Random.seed <-
c(403L, 1L, -1005885976L, 576819179L, 359182473L, 994976792L, 
1983689542L, -258690655L, 1646534707L, 1690316194L, -1600268140L, 
1178193687L, 1962600717L, -835551196L, -599982070L, 464364917L, 
-1817303857L, -2008168490L, 859309952L, -1620321341L, 843205985L, 
-1079946288L, 404005678L, 337723097L, 1238879467L, -572781222L, 
1285414684L, -2072651233L, -612652427L, -389961972L, 504511202L, 
1365016509L, -249935817L, -1519271202L, -656876008L, 1781539195L, 
751515929L, 1364149672L, -992827050L, 475593169L, 1736194435L, 
1363781650L, 1049881508L, -425231513L, 979591357L, -877463500L, 
1280474010L, -1308674075L, 462152575L, -1833295098L, 1589660816L, 
7437619L, 481647313L, -2091532160L, -1174054562L, 864767657L, 
-633087653L, -185732246L, -871040500L, 1324182095L, -2079979771L, 
-2134388804L, -543331694L, -429756019L, -1495213625L, 1364208302L, 
216474376L, 1870110987L, 1902419945L, -1321219912L, 1131052902L, 
1334971393L, -300295533L, -446419646L, -1267752204L, -243134729L, 
1069453037L, 2016459140L, -369707094L, -258593515L, 778569647L, 
1461872566L, 1890565600L, 5297443L, -1870689727L, 647537968L, 
2124152654L, 1950606777L, 1749219275L, -1415738246L, 700173692L, 
1202005439L, 1024574101L, 2072117420L, -2034136446L, -653720995L, 
-614460073L, -1455531970L, -484803464L, -1867446437L, -845774151L, 
786136840L, 1874613686L, -1038947599L, 890592547L, -442116238L, 
-1756080700L, -1615983225L, 1222639453L, -96104108L, 706003834L, 
-1526246715L, -1496296417L, 340444070L, 426087728L, 1676793811L, 
-1883736591L, 826942240L, 1095290302L, 447686089L, -915302021L, 
-311238838L, 642867116L, -393189713L, -854682523L, 790983708L, 
-2021074318L, 1151196397L, -563845849L, 1004597582L, -2008931928L, 
1703433643L, -197824823L, 1532909272L, -1797244026L, -471265695L, 
2035128307L, -1279407518L, -337146668L, -1405915689L, 829736909L, 
1099199332L, 479860554L, -1965773131L, -1962588657L, -1952794858L, 
-1138224704L, -879971965L, 572794785L, 831522704L, -661398418L, 
1424411161L, -52727125L, 1339197082L, -980725156L, 1435225951L, 
751526197L, -1010106164L, 1983187490L, 429925501L, -1319846537L, 
-301419874L, 62087512L, 2100983995L, 1804994137L, 942814696L, 
829255702L, 1062730641L, 1837073475L, 2116156242L, 1954242532L, 
-708903385L, -696265091L, -175093900L, 836680538L, 327421349L, 
1343072703L, 944112198L, -196538160L, 1026435827L, -1493660655L, 
-1435862464L, 1137565214L, -500303639L, -1146299877L, -1265923542L, 
-2108826292L, 435191567L, -1530813883L, -1171340292L, -603276718L, 
1601677261L, 1318048135L, -482909074L, -1524548536L, 1581819467L, 
551394217L, -253193480L, 834909734L, 1194831681L, 19821779L, 
425580674L, 1148540596L, 1291817527L, -87402195L, 213727812L, 
-627980438L, -674671659L, 1366287727L, 1140072566L, -1773778016L, 
-382178205L, 1470585089L, -1316465552L, 998821902L, -1037283207L, 
-1624240117L, 269738298L, 156500028L, 1086220159L, 903052501L, 
-234528532L, -1070261694L, 591838621L, 1706100759L, 464686462L, 
-1532955848L, -131142629L, -1136749191L, -215822388L, -817091104L, 
588377634L, -2048071384L, 1608986892L, 87234108L, 562209010L, 
-598246672L, -742276284L, -154490280L, 182989370L, 306734832L, 
-1664746308L, -364343788L, -1589460798L, 1645293664L, 1522470268L, 
1640889552L, 1309883426L, 1200814760L, 777793420L, -1091085892L, 
2079749170L, 1357494080L, 1437530292L, 1944003400L, -1002243398L, 
184954640L, 1216862444L, -589663148L, -1071749358L, 1503318944L, 
-1865941044L, -2076095648L, 1539281090L, -157231576L, -1148189268L, 
-42500292L, 203771762L, -1327602896L, 1382826532L, 1383723064L, 
728812762L, 173212048L, 1498736380L, 558350228L, 1982276418L, 
316971520L, 1828659772L, -1116760496L, 2029638306L, 653749064L, 
-391497204L, -1421062948L, -1471356334L, 987756672L, -1666458796L, 
-386731544L, -1707250950L, 1910732624L, -1333935060L, 1373853044L, 
-231158126L, -908617120L, 1316115084L, -1349743776L, 818287330L, 
896071848L, 1555976396L, -1536855556L, -813867086L, 1628362224L, 
-106910268L, 1229858648L, 538221434L, -220529232L, -1041292868L, 
380424276L, 415216578L, -1653026016L, 394336188L, -264670640L, 
-1193296414L, -1655520920L, 835546444L, -1829482244L, 748167922L, 
668770048L, 1163345524L, -340553720L, 1772675514L, -2135736368L, 
-490251796L, 1168136084L, -79887662L, 208961120L, -631052980L, 
926410016L, -380007806L, -1296279064L, 1954570220L, 2129561148L, 
1162278514L, 581512048L, -647882460L, 1994674744L, 1946020250L, 
259422672L, 1833510332L, 765474964L, -1800825726L, -676969024L, 
254094140L, -1552700272L, -2086663390L, -995895800L, 1738724620L, 
-1496365668L, -782164462L, 1476373376L, 662291220L, 1806303528L, 
-336534470L, -469890096L, -860059028L, -1400454604L, -453293422L, 
-730716832L, -34162356L, -87627808L, -1561102942L, -1524267608L, 
-2084174196L, 220454332L, 301956722L, 1008006128L, -146346428L, 
1962336344L, 1806919738L, -1656573840L, 157653052L, 884523284L, 
-2120506686L, 624600800L, -11945860L, 1175156432L, 1436907938L, 
-889595864L, -226088180L, -2056820292L, -471391438L, -1278137664L, 
-749384652L, -1185751352L, 1939616954L, 1192588944L, 631254764L, 
-424510892L, -1577131374L, 674392352L, 897978828L, -1272683808L, 
415613122L, -1057199064L, 2119415724L, -881120580L, 208780274L, 
-696469968L, 688328612L, 1885982136L, -845596838L, 1591783568L, 
2096376700L, -1912479468L, 1063160130L, -562695936L, -1674281540L, 
-1672642224L, -1621206750L, 201169480L, 1011609612L, 670991964L, 
-1471747630L, 662083072L, -1355504300L, -846287640L, -892440326L, 
1614284496L, -1654658260L, -1316179724L, 453343634L, 1218018656L, 
-892986356L, -1078174496L, 1553568354L, 690357416L, 619846732L, 
-1226193028L, 1960827186L, -1503083920L, 1866875716L, -1878858792L, 
-83758214L, -1482598352L, -1499779140L, 1168421460L, 1204654146L, 
-809202016L, -473546052L, 1361669072L, 284409186L, 2054557416L, 
1483631820L, 792322556L, -359252494L, -579197824L, 1932700148L, 
-1121203576L, 1554029370L, 1468730704L, -1365914516L, -308816492L, 
1744633938L, -1188487712L, -1458219828L, 987020960L, -1520668286L, 
1424450796L, -538523398L, -779314897L, -1945772743L, -1113911474L, 
318940572L, -2029918451L, -1449823881L, 2018076032L, -1324993570L, 
-272089941L, 1859159981L, 787905562L, -98700584L, 1356675905L, 
1497807859L, -2123135468L, 137256866L, -384622409L, 1315879553L, 
-113317242L, -672732476L, -566293515L, 489038431L, -498223944L, 
2021429654L, 1212402595L, 1593618277L, -1021532542L, -1403554832L, 
148940185L, 31886219L, 234391164L, -82363222L, -693498145L, -216005527L, 
1737367166L, -644655508L, -550249795L, -1211603065L, -2064456848L, 
2044875278L, -2022973637L, 1762747421L, -2135151414L, 1974368232L, 
-1980742447L, 77484227L, -1298868284L, -951618446L, -1448366777L, 
2056192273L, 630072470L, -1314203148L, 606350213L, 1202791119L, 
680181704L, -159705498L, 529234067L, 608266229L, 926007762L, 
2126146080L, 422741001L, -1534330565L, -1340552052L, -1687361254L, 
-1226330225L, 573337817L, -527884434L, -1210906884L, 1381868653L, 
1243430935L, 1939528160L, 1911170494L, -1954665589L, -529400819L, 
992242746L, 1132739704L, -262645727L, -1561169197L, -1061576204L, 
-1554314622L, 521692951L, -470520351L, -436092122L, -1247470044L, 
-563771179L, 658581631L, -1539052264L, -1462967242L, -896177469L, 
-1929541883L, 1754151586L, 1386616976L, 1931593785L, 1035696363L, 
1874991580L, 1841512458L, 388259583L, -1048834231L, -511417122L, 
1811552908L, -1771557283L, 1605342311L, 1968740752L, 552987054L, 
-457536421L, 1470680125L, -608165206L, 1969151816L, 274789233L, 
-1795861277L, -458548252L, -1454388462L, 1904920295L, -1934569295L, 
-874077450L, -42818284L, 1938954789L, 1381467951L, -2131830552L, 
1192909254L, 609294451L, -1460505899L, 563286194L, -2046364544L, 
1070925929L, -237869861L, 1654138924L, -872818630L, 1581643503L, 
-1331316359L, 760669710L, 1548306396L, -27021235L, 36664247L, 
1967000896L, 904277022L, -1281164565L, -726977939L, -1646755110L, 
1794079384L, 616585473L, 1905966771L, 1535359444L, 1332336866L, 
